[[    5     0     0     0     0     0     0     0    34     0     0     0
     10     0     0     0]
 [    1    33     4     1     0     3    78     0   144    39     4     0
   1006     2    77    16]
 [    0     0  1287     0     0     0     1     1     0     0     0     0
    607     1     6    11]
 [    0     0     5    32     0     0    27     0     1     0     0     0
    688     2     0     8]
 [    0     0     0     0     0     0    19     0     0     0     0     0
      1     0     0     0]
 [    0     0     0     0     0   587    69     8     0     0     0     0
    595     1    19    12]
 [    0     2     8     8     1    48 17540    10    30     1     6     0
   6133   115    19    78]
 [    0     0     0     0     0    33     3   354     0     0     0     0
    210     1     5     2]
 [    2     2     0     0     0    21    28     0  1663    50     2     0
    957     0    21     1]
 [    0     0    20     0     0    33    29     0   413   270     8     0
   2248    17   209    17]
 [    1     0     0     0     0     0     1     0     3     2   187     0
     67     0    14     0]
 [    0     0     0     0     1     0   117     0     0     0     0     1
     27     0     0     1]
 [    0     7   444    42     3   315  8630    93   640   276    39     0
  31725  3711   860  2002]
 [    0     0     7     0     0     8   230     7     3     2     0     0
   2214  7788     5     2]
 [    0     0     2     0     0    42    39    10    28    75     9     0
   1337     3  3360     4]
 [    0     0    53     2     0    36    59     1     5     1     0     0
   1460     9    14  3091]]