[[   14     0     0     0     0     0     0     0    30     0     0     0
      5     0     0     0]
 [    0     5     3     3     0     1    83     0   114    67     4     0
   1044     5    62    17]
 [    0     0  1218     0     0     0     0     1     0     0     0     0
    685     3     6     1]
 [    0     0     0   152     0     1    38     0     0     0     0     0
    567     3     2     0]
 [    0     0     0     0     1     0    17     0     0     0     0     0
      2     0     0     0]
 [    0     0     0     0     0   553    75    17     1     0     0     0
    613     1    18    13]
 [    0     3     6    22     1    41 16804     9    12     8    10     0
   6868   117    34    64]
 [    0     0     0     0     0    16     6   386     0     0     0     0
    184     1    15     0]
 [    4     1     0     0     0    19    13     0  1613   130     5     0
    930     0    27     5]
 [    0     0     6     0     0    48    19     0   404   336     3     0
   2252    14   175     7]
 [    0     0     0     0     0     0     0     0    24     0   152     0
     75     0    24     0]
 [    0     0     0     0     1     0   123     0     0     0     0     0
     23     0     0     0]
 [    3     3   366   159     0   283  7109    99   666   261    49     0
  33259  3821   756  1953]
 [    0     0     1     3     0    14   199     6     4     2     0     0
   2248  7782     7     0]
 [    0     0     0     0     0    59    37    28    23    61    30     0
   1419     7  3241     4]
 [    0     0    29     2     0    26    65     6     5     0     0     0
   1597     7    14  2980]]