3287/3287 [==============================] - 13s 4ms/step
                         precision    recall  f1-score   support

          Bed_to_Toilet       0.74      0.41      0.53        49
                 Chores       0.57      0.01      0.02      1408
          Desk_Activity       0.76      0.62      0.68      1914
     Dining_Rm_Activity       0.44      0.19      0.27       763
               Eve_Meds       0.00      0.00      0.00        20
         Guest_Bathroom       0.63      0.44      0.51      1291
       Kitchen_Activity       0.67      0.70      0.69     23999
             Leave_Home       0.72      0.59      0.65       608
        Master_Bathroom       0.61      0.52      0.56      2747
Master_Bedroom_Activity       0.42      0.07      0.12      3264
               Meditate       0.65      0.62      0.64       275
           Morning_Meds       0.00      0.00      0.00       147
                  Other       0.63      0.69      0.66     48787
                   Read       0.67      0.76      0.71     10266
                  Sleep       0.76      0.66      0.71      4909
               Watch_TV       0.62      0.58      0.60      4731


               accuracy                           0.65    105178
              macro avg       0.56      0.43      0.46    105178
           weighted avg       0.64      0.65      0.64    105178

[[   20     0     0     0     0     0     0     0    21     0     0     0
      8     0     0     0]
 [    0    13     3     5     0     3    64     0    92    32     1     0
   1132     7    52     4]
 [    0     1  1189     0     0     0     1     0     0     1     0     0
    707     1     3    11]
 [    0     0     0   145     0     0    20     0     0     2     0     0
    591     3     2     0]
 [    0     0     0     0     0     0    18     0     0     0     0     0
      2     0     0     0]
 [    0     0     0     0     0   562    60     8     3     0     0     0
    627     1    22     8]
 [    0     4     4    15     1    22 16837    16    18     8     7     3
   6847   121    33    63]
 [    0     0     0     0     0    13     3   358     0     0     0     0
    217     1    16     0]
 [    6     0     0     0     0    23    14     0  1441    74     0     0
   1171     0    16     2]
 [    0     0     8     0     0    15    32     0   293   220     6     0
   2517    17   150     6]
 [    0     0     0     0     0     0     1     0     2     0   170     0
     89     0    13     0]
 [    0     0     0     0     0     0   102     0     0     0     0     0
     45     0     0     0]
 [    1     3   340   163     0   215  7584    83   473   146    47     0
  33684  3717   718  1613]
 [    0     0     1     1     0     6   200     4     0     3     1     0
   2288  7754     8     0]
 [    0     1     1     0     0    24    32    23    16    32    28     0
   1490    15  3246     1]
 [    0     1    19     2     0    10    96     5     7     0     0     0
   1816     6    14  2755]]
Balanced Accuracy: 42.836
Model: LSTM
Accuracy: 64.91% (+/- 0.00%)
Balanced Accuracy: 42.70% (+/- 0.00%)
