[[    94      0      0      0      0      0      0      0      0      0
       0      0]
 [     0    154      0      0      0      0      0      0      0      0
       0      0]
 [     0      0    246      4      4      0      2      0      0      0
       0      0]
 [     0      0      0     19      0      0      1      0      0      0
       0      0]
 [     0      0    247      2      3      0      1      0      0      0
       0      0]
 [     0      1      0      0      0    962      1      0      0      0
       0      0]
 [     0     16      1      3      1      1 435635      3      0      2
       0      0]
 [     0      0      0      0      0      0      2   1743      0      0
       0      6]
 [     0      0      0      0      0      0      0      0      0      0
       0      3]
 [     0      1      0      0      0      0      1      0      0    238
       0      0]
 [     0      0      0      0      0     38      1      0      0      0
       0      0]
 [     3      0      0      0      0      0      0      0      0      0
       0    100]]