[[    94      0      0      0      0      0      0      0      0      0
       0      0]
 [     0    154      0      0      0      0      0      0      0      0
       0      0]
 [     0      0    246      4      4      0      2      0      0      0
       0      0]
 [     0      0      0     18      0      0      2      0      0      0
       0      0]
 [     0      0    247      2      3      0      1      0      0      0
       0      0]
 [     0      1      0      0      0    963      0      0      0      0
       0      0]
 [     0     15      1      0      2      1 435638      3      0      2
       0      0]
 [     0      0      0      0      0      0      2   1743      0      0
       0      6]
 [     0      0      0      0      0      0      0      0      0      0
       0      3]
 [     0      1      0      0      0      0      1      0      0    238
       0      0]
 [     0      0      0      0      0     38      1      0      0      0
       0      0]
 [     3      0      0      0      0      0      0      0      0      0
       0    100]]