[[    94      0      0      0      0      0      0      0      0      0
       0      0]
 [     0    154      0      0      0      0      0      0      0      0
       0      0]
 [     0      0    246      4      4      0      2      0      0      0
       0      0]
 [     0      0      0     18      0      0      2      0      0      0
       0      0]
 [     0      0    247      2      3      0      1      0      0      0
       0      0]
 [     0      1      0      0      0    963      0      0      0      0
       0      0]
 [     0     16      1      0      3      3 435636      3      0      0
       0      0]
 [     0      0      0      0      0      0      4   1743      0      0
       0      4]
 [     0      0      0      0      0      0      0      0      0      0
       0      3]
 [     0      1      0      0      0      0      1      0      0    238
       0      0]
 [     0      0      0      0      0     39      0      0      0      0
       0      0]
 [     3      0      0      0      0      0      0      0      0      0
       0    100]]